 number of primary sites 2000000
 So/P ratio   3.00
 growthrate - slope of log_wt/log_age line  4.30345
 growth intercept - of log_wt/log_age line 0.0000020170
 follicle initiation rate - increase per timeincrement per cm sq 500.0000
 time of start of primary follicle initiation period       64
 time of start of secondary original follicle initiation period       86
 number of founder cells at time zero 100000000.0
 average number of cells per p,so,sd follicle  35.000   33.000   30.000 


 time     foll  pfoll   sofoll   sdfoll diffoundcel  foundcel  wght surfarea folirate celbrate    d    pd   sod   sdd    sd  rat
between P and So periods
 61         0        0         0         0           0   107054834     97.2    190.3    95148  0.07055      0     0      0      0      0   0.0
 between P and So periods
 62         0        0         0         0           0   114485561    104.3    199.4    99692  0.06941      0     0      0      0      0   0.0
 between P and So periods
 63         0        0         0         0           0   122305922    111.7    208.8   104375  0.06831      0     0      0      0      0   0.0
 primary period
 64         0        0         0         0           0   130529942    119.5    218.4   109199  0.06724      0     0      0      0      0   0.0
 primary period
 65    114166   114166         0         0     3995808   135176118    127.8    228.3   114166  0.06621    500   500      0      0      0   0.0
 primary period
 66    238556   238556         0         0     8349443   139636476    136.5    238.6   119278  0.06520   1000  1000      0      0      0   0.0
 primary period
 67    373609   373609         0         0    13076322   143878529    145.6    249.1   124536  0.06423   1500  1500      0      0      0   0.0
 primary period
 68    519775   519775         0         0    18192131   147868219    155.2    259.9   129944  0.06329   2000  2000      0      0      0   0.0
 primary period
 69    677509   677509         0         0    23712828   151569889    165.2    271.0   135502  0.06237   2500  2500      0      0      0   0.0
 primary period
 70    847275   847275         0         0    29654637   154946270    175.8    282.4   141213  0.06148   3000  3000      0      0      0   0.0
 primary period
 71   1029544  1029544         0         0    36034054   157958450    186.9    294.2   147078  0.06061   3500  3500      0      0      0   0.0
 primary period
 72   1224795  1224795         0         0    42867839   160565861    198.4    306.2   153099  0.05977   4000  4000      0      0      0   0.0
 primary period
 73   1433515  1433515         0         0    50173023   162726253    210.6    318.6   159279  0.05895   4500  4500      0      0      0   0.0
 primary period
 74   1656197  1656197         0         0    57966900   164395674    223.3    331.2   165620  0.05815   5000  5000      0      0      0   0.0
 primary period
 75   1893344  1893344         0         0    66267032   165528454    236.6    344.2   172122  0.05738   5500  5500      0      0      0   0.0
 primary period
 76   2145464  2145464         0         0    75091247   166077177    250.4    357.6   178789  0.05662   6000  6000      0      0      0   0.0
 between P and So periods
 77   2145464  2145464         0         0    75091247   175359055    264.9    371.2   185621  0.05589   5779  5779      0      0      0   0.0
 between P and So periods
 78   2145464  2145464         0         0    75091247   185034039    280.1    385.2   192622  0.05517   5569  5569      0      0      0   0.0
 between P and So periods
 79   2145464  2145464         0         0    75091247   195113591    295.8    399.6   199792  0.05447   5369  5369      0      0      0   0.0
 between P and So periods
 80   2145464  2145464         0         0    75091247   205609358    312.3    414.3   207133  0.05379   5179  5179      0      0      0   0.0
 between P and So periods
 81   2145464  2145464         0         0    75091247   216533177    329.4    429.3   214649  0.05313   4998  4998      0      0      0   0.0
 between P and So periods
 82   2145464  2145464         0         0    75091247   227897074    347.3    444.7   222340  0.05248   4825  4825      0      0      0   0.0
 between P and So periods
 83   2145464  2145464         0         0    75091247   239713260    365.9    460.4   230208  0.05185   4660  4660      0      0      0   0.0
 between P and So periods
 84   2145464  2145464         0         0    75091247   251994138    385.3    476.5   238255  0.05123   4502  4502      0      0      0   0.0
 between P and So periods
 85   2145464  2145464         0         0    75091247   264752302    405.4    493.0   246483  0.05063   4352  4352      0      0      0   0.0
 So period
 86   2145464  2145464         0         0    75091247   278000535    426.3    509.8   254894  0.05004   4209  4209      0      0      0   0.0
 So period
 87   2408954  2145464    263490         0    83786426   283056633    448.1    527.0   263490  0.04946   4571  4071    500      0    500   0.1
 So period
 88   2690010  2145464    544546         0    93061260   287624069    470.6    544.5   272273  0.04890   4940  3940   1000      0   1000   0.3
 So period
 89   2989197  2145464    843732         0   102934414   291658506    494.1    562.5   281244  0.04835   5314  3814   1500      0   1500   0.4
 So period
 90   3307087  2145464   1161623         0   113424796   295114096    518.4    580.8   290406  0.04782   5694  3694   2000      0   2000   0.5
 So period
 91   3644262  2145464   1498797         0   124551561   297943467    543.7    599.5   299759  0.04729   6079  3579   2500      0   2500   0.7
 So period
 92   4001309  2145464   1855844         0   136334109   300097708    569.9    618.6   309307  0.04678   6468  3468   3000      0   3000   0.9
 So period
 93   4378823  2145464   2233359         0   148792083   301526349    597.0    638.1   319051  0.04627   6862  3362   3500      0   3500   1.0
 So period
 94   4777407  2145464   2631943         0   161945369   302177353    625.1    658.0   328993  0.04578   7261  3261   4000      0   4000   1.2
 So period
 95   5197672  2145464   3052208         0   175814098   301997096    654.2    678.3   339134  0.04530   7663  3163   4500      0   4500   1.4
 So period
 96   5640234  2145464   3494770         0   190418644   300930353    684.4    699.0   349477  0.04483   8070  3070   5000      0   5000   1.6
 So period
 97   6105718  2145464   3960254         0   205779623   298920286    715.6    720.0   360023  0.04437   8480  2980   5500      0   5500   1.8
 So period
 98   6594756  2145464   4449292         0   221917892   295908427    747.9    741.5   370774  0.04391   8893  2893   6000      0   6000   2.1
 So period
 99   7107989  2145464   4962524         0   238854552   291834664    781.3    763.5   381733  0.04347   9310  2810   6500      0   6500   2.3
 So period
100   7646061  2145464   5500597         0   256610943   286637229    815.8    785.8   392900  0.04303   9730  2730   7000      0   7000   2.6
 So period
101   8209628  2145464   6064164         0   275208648   280252679    851.5    808.6   404278  0.04261  10153  2653   7500      0   7500   2.8
 Sd period
102   8209628  2145464   6064164         0   275208648   292076730    888.4    831.7   415868  0.04219   9870  2580   7291      0   7291   2.8
 Sd period
103   8637300  2145464   6064164    427673   288038823   291449829    926.5    855.3   427673  0.04178  10098  2508   7090    500   7590   3.0
 Sd period
104   9089014  2145464   6064164    879387   301590246   289958401    965.8    879.4   439693  0.04138  10336  2440   6896   1000   7896   3.2
 Sd period
105   9565424  2145464   6064164   1355796   315882534   287550125   1006.4    903.9   451932  0.04099  10583  2374   6709   1500   8209   3.5
 Sd period
106  10067190  2145464   6064164   1857563   330935523   284171261   1048.4    928.8   464391  0.04060  10839  2310   6529   2000   8529   3.7
 Sd period
107  10594982  2145464   6064164   2385354   346769268   279766642   1091.6    954.1   477071  0.04022  11104  2249   6356   2500   8856   3.9
 Sd period
108  11149474  2145464   6064164   2939846   363404041   274279661   1136.2    979.9   489974  0.03985  11378  2189   6188   3000   9188   4.2
 Sd period
109  11731351  2145464   6064164   3521723   380860332   267652256   1182.1   1006.2   503103  0.03948  11659  2132   6027   3500   9527   4.5
 Sd period
110  12341301  2145464   6064164   4131673   399158846   259824903   1229.5   1032.9   516459  0.03912  11948  2077   5871   4000   9871   4.8
 Sd period
111  12980023  2145464   6064164   4770395   418320509   250736603   1278.3   1060.1   530044  0.03877  12244  2024   5720   4500  10220   5.0
 Sd period
112  13648222  2145464   6064164   5438594   438366458   240324870   1328.7   1087.7   543859  0.03842  12548  1972   5575   5000  10575   5.4
 Sd period
113  14346608  2145464   6064164   6136980   459318050   228525718   1380.5   1115.8   557907  0.03808  12858  1923   5435   5500  10935   5.7
 Sd period
114  15075902  2145464   6064164   6866274   481196858   215273655   1433.8   1144.4   572189  0.03775  13174  1875   5299   6000  11299   6.0
 Sd period
115  15836829  2145464   6064164   7627201   504024667   200501664   1488.7   1173.4   586708  0.03742  13496  1828   5168   6500  11668   6.4
 Sd period
116  16630122  2145464   6064164   8420494   527823482   184141201   1545.2   1202.9   601464  0.03710  13825  1784   5041   7000  12041   6.8
 Sd period
117  17456524  2145464   6064164   9246896   552615518   166122175   1603.4   1232.9   616460  0.03678  14159  1740   4919   7500  12419   7.1
 Sd period
118  18316780  2145464   6064164  10107152   578423208   146372946   1663.2   1263.4   631697  0.03647  14498  1698   4800   8000  12800   7.5
 Sd period
119  19211646  2145464   6064164  11002018   605269198   124820304   1724.7   1294.4   647178  0.03616  14843  1658   4685   8500  13185   8.0
 Sd period
120  20141885  2145464   6064164  11932257   633176348   101389469   1788.0   1325.8   662903  0.03586  15192  1618   4574   9000  13574   8.4
 Sd period
121  21108264  2145464   6064164  12898636   662167733    76004071   1853.0   1357.8   678876  0.03557  15546  1580   4466   9500  13966   8.8
 Sd period
122  22111561  2145464   6064164  13901933   692266639    48586145   1919.8   1390.2   695097  0.03527  15905  1543   4362  10000  14362   9.3
 Sd period
123  23152559  2145464   6064164  14942931   723496568    19056119   1988.4   1423.1   711568  0.03499  16269  1508   4261  10500  14761   9.8
 Sd period
124  24232047  2145464   6064164  16022420   755881233   -12667199   2058.9   1456.6   728292  0.03471  16636  1473   4163  11000  15163  10.3
  out  of founder cells 
125  24232047  2145464   6064164  16022420   755881233           0   2131.3   1490.5   745269  0.03443  16257  1439   4068  10749  14818  10.3
  out  of founder cells 
126  24232047  2145464   6064164  16022420   755881233           0   2205.7   1525.0   762503  0.03415  15890  1407   3976  10506  14483  10.3
  out  of founder cells 
127  24232047  2145464   6064164  16022420   755881233           0   2282.0   1560.0   779994  0.03389  15533  1375   3887  10271  14158  10.3
  out  of founder cells 
128  24232047  2145464   6064164  16022420   755881233           0   2360.4   1595.5   797744  0.03362  15188  1345   3801  10042  13843  10.3
  out  of founder cells 
129  24232047  2145464   6064164  16022420   755881233           0   2440.7   1631.5   815755  0.03336  14853  1315   3717   9821  13538  10.3
  out  of founder cells 
130  24232047  2145464   6064164  16022420   755881233           0   2523.2   1668.1   834029  0.03310  14527  1286   3635   9605  13241  10.3
  out  of founder cells 
131  24232047  2145464   6064164  16022420   755881233           0   2607.8   1705.1   852568  0.03285  14211  1258   3556   9397  12953  10.3
  out  of founder cells 
132  24232047  2145464   6064164  16022420   755881233           0   2694.6   1742.7   871373  0.03260  13905  1231   3480   9194  12673  10.3
  out  of founder cells 
133  24232047  2145464   6064164  16022420   755881233           0   2783.5   1780.9   890447  0.03236  13607  1205   3405   8997  12402  10.3
  out  of founder cells 
134  24232047  2145464   6064164  16022420   755881233           0   2874.7   1819.6   909790  0.03212  13317  1179   3333   8806  12138  10.3
  out  of founder cells 
135  24232047  2145464   6064164  16022420   755881233           0   2968.2   1858.8   929405  0.03188  13036  1154   3262   8620  11882  10.3
  out  of founder cells 
136  24232047  2145464   6064164  16022420   755881233           0   3064.0   1898.6   949293  0.03164  12763  1130   3194   8439  11633  10.3
  out  of founder cells 
137  24232047  2145464   6064164  16022420   755881233           0   3162.1   1938.9   969457  0.03141  12498  1107   3128   8264  11391  10.3
  out  of founder cells 
138  24232047  2145464   6064164  16022420   755881233           0   3262.6   1979.8   989897  0.03118  12240  1084   3063   8093  11156  10.3
  out  of founder cells 
139  24232047  2145464   6064164  16022420   755881233           0   3365.6   2021.2  1010616  0.03096  11989  1061   3000   7927  10927  10.3
  out  of founder cells 
140  24232047  2145464   6064164  16022420   755881233           0   3471.0   2063.2  1031616  0.03074  11745  1040   2939   7766  10705  10.3
  out  of founder cells 
141  24232047  2145464   6064164  16022420   755881233           0   3579.0   2105.8  1052898  0.03052  11507  1019   2880   7609  10488  10.3
  out  of founder cells 
142  24232047  2145464   6064164  16022420   755881233           0   3689.5   2148.9  1074464  0.03031  11276   998   2822   7456  10278  10.3
  out  of founder cells 
143  24232047  2145464   6064164  16022420   755881233           0   3802.6   2192.6  1096316  0.03009  11052   978   2766   7307  10073  10.3
  out  of founder cells 
144  24232047  2145464   6064164  16022420   755881233           0   3918.4   2236.9  1118455  0.02989  10833   959   2711   7163   9874  10.3
  out  of founder cells 
145  24232047  2145464   6064164  16022420   755881233           0   4036.9   2281.8  1140883  0.02968  10620   940   2658   7022   9680  10.3
  out  of founder cells 
146  24232047  2145464   6064164  16022420   755881233           0   4158.0   2327.2  1163602  0.02948  10413   922   2606   6885   9491  10.3
  out  of founder cells 
147  24232047  2145464   6064164  16022420   755881233           0   4282.0   2373.2  1186614  0.02928  10211   904   2555   6751   9307  10.3
  out  of founder cells 
148  24232047  2145464   6064164  16022420   755881233           0   4408.8   2419.8  1209921  0.02908  10014   887   2506   6621   9127  10.3
  out  of founder cells 
149  24232047  2145464   6064164  16022420   755881233           0   4538.4   2467.0  1233523  0.02888   9822   870   2458   6495   8953  10.3
  out  of founder cells 
150  24232047  2145464   6064164  16022420   755881233           0   4670.9   2514.8  1257424  0.02869   9636   853   2411   6371   8782  10.3
  adult S+P density per cm sq =     2302
 adult P density per cm sq =       204
 adult So density per cm sq =      576
 adult Sd density per cm sq =     1522
 adult S density per cm sq =     2098
 adult S/P ratio =     10.3
 p interval = 13
 so interval = 16
