 number of primary sites 2000000
 So/P ratio   3.00
 growthrate - slope of log_wt/log_age line  4.30345
 growth intercept - of log_wt/log_age line 0.0000020170
 follicle initiation rate - increase per timeincrement per cm sq 450.0000
 time of start of primary follicle initiation period       64
 time of start of secondary original follicle initiation period       86
 number of founder cells at time zero 100000000.0
 average number of cells per p,so,sd follicle  35.000   33.000   30.000 


 time     foll  pfoll   sofoll   sdfoll diffoundcel  foundcel  wght surfarea folirate celbrate    d    pd   sod   sdd    sd  rat
between P and So periods
 61         0        0         0         0           0   107054834     97.2    190.3    85633  0.07055      0     0      0      0      0   0.0
 between P and So periods
 62         0        0         0         0           0   114485561    104.3    199.4    89723  0.06941      0     0      0      0      0   0.0
 between P and So periods
 63         0        0         0         0           0   122305922    111.7    208.8    93938  0.06831      0     0      0      0      0   0.0
 primary period
 64         0        0         0         0           0   130529942    119.5    218.4    98279  0.06724      0     0      0      0      0   0.0
 primary period
 65    102749   102749         0         0     3596227   135575699    127.8    228.3   102749  0.06621    450   450      0      0      0   0.0
 primary period
 66    214700   214700         0         0     7514499   140497474    136.5    238.6   107350  0.06520    900   900      0      0      0   0.0
 primary period
 67    336248   336248         0         0    11768690   145267518    145.6    249.1   112083  0.06423   1350  1350      0      0      0   0.0
 primary period
 68    467798   467798         0         0    16372918   149856692    155.2    259.9   116949  0.06329   1800  1800      0      0      0   0.0
 primary period
 69    609758   609758         0         0    21341545   154234451    165.2    271.0   121952  0.06237   2250  2250      0      0      0   0.0
 primary period
 70    762548   762548         0         0    26689174   158368824    175.8    282.4   127091  0.06148   2700  2700      0      0      0   0.0
 primary period
 71    926590   926590         0         0    32430648   162226393    186.9    294.2   132370  0.06061   3150  3150      0      0      0   0.0
 primary period
 72   1102316  1102316         0         0    38581055   165772278    198.4    306.2   137789  0.05977   3600  3600      0      0      0   0.0
 primary period
 73   1290163  1290163         0         0    45155720   168970114    210.6    318.6   143351  0.05895   4050  4050      0      0      0   0.0
 primary period
 74   1490577  1490577         0         0    52170210   171782033    223.3    331.2   149058  0.05815   4500  4500      0      0      0   0.0
 primary period
 75   1704009  1704009         0         0    59640329   174168650    236.6    344.2   154910  0.05738   4950  4950      0      0      0   0.0
 primary period
 76   1930918  1930918         0         0    67582123   176089040    250.4    357.6   160910  0.05662   5400  5400      0      0      0   0.0
 primary period
 77   2171768  2171768         0         0    76011873   177500720    264.9    371.2   167059  0.05589   5850  5850      0      0      0   0.0
 between P and So periods
 78   2171768  2171768         0         0    76011873   187293865    280.1    385.2   173359  0.05517   5637  5637      0      0      0   0.0
 between P and So periods
 79   2171768  2171768         0         0    76011873   197496518    295.8    399.6   179813  0.05447   5435  5435      0      0      0   0.0
 between P and So periods
 80   2171768  2171768         0         0    76011873   208120471    312.3    414.3   186420  0.05379   5242  5242      0      0      0   0.0
 between P and So periods
 81   2171768  2171768         0         0    76011873   219177703    329.4    429.3   193184  0.05313   5059  5059      0      0      0   0.0
 between P and So periods
 82   2171768  2171768         0         0    76011873   230680387    347.3    444.7   200106  0.05248   4884  4884      0      0      0   0.0
 between P and So periods
 83   2171768  2171768         0         0    76011873   242640884    365.9    460.4   207187  0.05185   4717  4717      0      0      0   0.0
 between P and So periods
 84   2171768  2171768         0         0    76011873   255071750    385.3    476.5   214429  0.05123   4558  4558      0      0      0   0.0
 between P and So periods
 85   2171768  2171768         0         0    76011873   267985729    405.4    493.0   221835  0.05063   4406  4406      0      0      0   0.0
 So period
 86   2171768  2171768         0         0    76011873   281395763    426.3    509.8   229405  0.05004   4260  4260      0      0      0   0.0
 So period
 87   2408909  2171768    237141         0    83837534   287489324    448.1    527.0   237141  0.04946   4571  4121    450      0    450   0.1
 So period
 88   2661859  2171768    490091         0    92184885   293201015    470.6    544.5   245046  0.04890   4888  3988    900      0    900   0.2
 So period
 89   2931127  2171768    759359         0   101070723   298492431    494.1    562.5   253120  0.04835   5211  3861   1350      0   1350   0.3
 So period
 90   3217228  2171768   1045460         0   110512067   303323831    518.4    580.8   261365  0.04782   5539  3739   1800      0   1800   0.5
 So period
 91   3520685  2171768   1348918         0   120526156   307654122    543.7    599.5   269784  0.04729   5873  3623   2250      0   2250   0.6
 So period
 92   3842028  2171768   1670260         0   131130449   311440849    569.9    618.6   278377  0.04678   6211  3511   2700      0   2700   0.8
 So period
 93   4181791  2171768   2010023         0   142342625   314640177    597.0    638.1   287146  0.04627   6553  3403   3150      0   3150   0.9
 So period
 94   4540517  2171768   2368749         0   154180583   317206878    625.1    658.0   296094  0.04578   6901  3301   3600      0   3600   1.1
 So period
 95   4918755  2171768   2746987         0   166662439   319094323    654.2    678.3   305221  0.04530   7252  3202   4050      0   4050   1.3
 So period
 96   5317060  2171768   3145293         0   179806530   320254462    684.4    699.0   314529  0.04483   7607  3107   4500      0   4500   1.4
 So period
 97   5735996  2171768   3564228         0   193631411   320637816    715.6    720.0   324021  0.04437   7966  3016   4950      0   4950   1.6
 So period
 98   6176131  2171768   4004363         0   208155854   320193460    747.9    741.5   333697  0.04391   8329  2929   5400      0   5400   1.8
 So period
 99   6638040  2171768   4466272         0   223398847   318869014    781.3    763.5   343559  0.04347   8695  2845   5850      0   5850   2.1
 So period
100   7122305  2171768   4950537         0   239379599   316610628    815.8    785.8   353610  0.04303   9064  2764   6300      0   6300   2.3
 So period
101   7629515  2171768   5457747         0   256117534   313362968    851.5    808.6   363850  0.04261   9436  2686   6750      0   6750   2.5
 So period
102   8160265  2171768   5988497         0   273632290   309069206    888.4    831.7   374281  0.04219   9811  2611   7200      0   7200   2.8
 So period
103   8715157  2171768   6543389         0   291943726   303671009    926.5    855.3   384905  0.04178  10189  2539   7650      0   7650   3.0
 Sd period
104   8715157  2171768   6543389         0   291943726   316236708    965.8    879.4   395724  0.04138   9910  2470   7441      0   7441   3.0
 Sd period
105   9121896  2171768   6543389    406739   304145892   316995576   1006.4    903.9   406739  0.04099  10092  2403   7239    450   7689   3.2
 Sd period
106   9551060  2171768   6543389    835903   317020820   316990217   1048.4    928.8   417952  0.04060  10283  2338   7045    900   7945   3.4
 Sd period
107  10003248  2171768   6543389   1288091   330586461   316173653   1091.6    954.1   429364  0.04022  10484  2276   6858   1350   8208   3.6
 Sd period
108  10479065  2171768   6543389   1763908   344860962   314497644   1136.2    979.9   440977  0.03985  10693  2216   6677   1800   8477   3.8
 Sd period
109  10979122  2171768   6543389   2263965   359862666   311912680   1182.1   1006.2   452793  0.03948  10911  2158   6503   2250   8753   4.1
 Sd period
110  11504037  2171768   6543389   2788879   375610110   308367965   1229.5   1032.9   464813  0.03912  11137  2103   6335   2700   9035   4.3
 Sd period
111  12054434  2171768   6543389   3339277   392122029   303811415   1278.3   1060.1   477040  0.03877  11371  2049   6172   3150   9322   4.6
 Sd period
112  12630945  2171768   6543389   3915787   409417349   298189638   1328.7   1087.7   489473  0.03842  11612  1997   6016   3600   9616   4.8
 Sd period
113  13234206  2171768   6543389   4519049   427515195   291447933   1380.5   1115.8   502117  0.03808  11861  1946   5864   4050   9914   5.1
 Sd period
114  13864863  2171768   6543389   5149705   446434883   283530274   1433.8   1144.4   514971  0.03775  12116  1898   5718   4500  10218   5.4
 Sd period
115  14523564  2171768   6543389   5808407   466195926   274379302   1488.7   1173.4   528037  0.03742  12377  1851   5576   4950  10526   5.7
 Sd period
116  15210967  2171768   6543389   6495810   486818026   263936316   1545.2   1202.9   541318  0.03710  12645  1805   5440   5400  10840   6.0
 Sd period
117  15927736  2171768   6543389   7212579   508321084   252141262   1603.4   1232.9   554814  0.03678  12919  1761   5307   5850  11157   6.3
 Sd period
118  16674539  2171768   6543389   7959382   530725192   238932723   1663.2   1263.4   568527  0.03647  13198  1719   5179   6300  11479   6.7
 Sd period
119  17452054  2171768   6543389   8736897   554050633   224247910   1724.7   1294.4   582460  0.03616  13483  1678   5055   6750  11805   7.0
 Sd period
120  18260963  2171768   6543389   9545805   578317886   208022652   1788.0   1325.8   596613  0.03586  13773  1638   4935   7200  12135   7.4
 Sd period
121  19101954  2171768   6543389  10386796   603547621   190191388   1853.0   1357.8   610988  0.03557  14069  1600   4819   7650  12469   7.8
 Sd period
122  19975723  2171768   6543389  11260566   629760699   170687153   1919.8   1390.2   625587  0.03527  14369  1562   4707   8100  12807   8.2
 Sd period
123  20882972  2171768   6543389  12167815   656978176   149441575   1988.4   1423.1   640411  0.03499  14674  1526   4598   8550  13148   8.6
 Sd period
124  21824410  2171768   6543389  13109252   685221296   126384859   2058.9   1456.6   655463  0.03471  14983  1491   4492   9000  13492   9.0
 Sd period
125  22800750  2171768   6543389  14085592   714511497   101445784   2131.3   1490.5   670742  0.03443  15297  1457   4390   9450  13840   9.5
 Sd period
126  23812713  2171768   6543389  15097556   744870408    74551689   2205.7   1525.0   686253  0.03415  15615  1424   4291   9900  14191  10.0
 Sd period
127  24861028  2171768   6543389  16145871   776319848    45628465   2282.0   1560.0   701994  0.03389  15937  1392   4195  10350  14545  10.4
 Sd period
128  25946427  2171768   6543389  17231270   808881827    14600547   2360.4   1595.5   717970  0.03362  16262  1361   4101  10800  14901  10.9
 Sd period
129  27069651  2171768   6543389  18354494   842578546   -18609097   2440.7   1631.5   734180  0.03336  16592  1331   4011  11250  15261  11.5
  out  of founder cells 
130  27069651  2171768   6543389  18354494   842578546           0   2523.2   1668.1   750626  0.03310  16228  1302   3923  11004  14926  11.5
  out  of founder cells 
131  27069651  2171768   6543389  18354494   842578546           0   2607.8   1705.1   767311  0.03285  15875  1274   3837  10764  14602  11.5
  out  of founder cells 
132  27069651  2171768   6543389  18354494   842578546           0   2694.6   1742.7   784236  0.03260  15533  1246   3755  10532  14287  11.5
  out  of founder cells 
133  27069651  2171768   6543389  18354494   842578546           0   2783.5   1780.9   801402  0.03236  15200  1219   3674  10306  13981  11.5
  out  of founder cells 
134  27069651  2171768   6543389  18354494   842578546           0   2874.7   1819.6   818811  0.03212  14877  1194   3596  10087  13683  11.5
  out  of founder cells 
135  27069651  2171768   6543389  18354494   842578546           0   2968.2   1858.8   836464  0.03188  14563  1168   3520   9874  13395  11.5
  out  of founder cells 
136  27069651  2171768   6543389  18354494   842578546           0   3064.0   1898.6   854364  0.03164  14258  1144   3446   9667  13114  11.5
  out  of founder cells 
137  27069651  2171768   6543389  18354494   842578546           0   3162.1   1938.9   872511  0.03141  13961  1120   3375   9466  12841  11.5
  out  of founder cells 
138  27069651  2171768   6543389  18354494   842578546           0   3262.6   1979.8   890908  0.03118  13673  1097   3305   9271  12576  11.5
  out  of founder cells 
139  27069651  2171768   6543389  18354494   842578546           0   3365.6   2021.2   909555  0.03096  13393  1074   3237   9081  12318  11.5
  out  of founder cells 
140  27069651  2171768   6543389  18354494   842578546           0   3471.0   2063.2   928455  0.03074  13120  1053   3171   8896  12067  11.5
  out  of founder cells 
141  27069651  2171768   6543389  18354494   842578546           0   3579.0   2105.8   947608  0.03052  12855  1031   3107   8716  11824  11.5
  out  of founder cells 
142  27069651  2171768   6543389  18354494   842578546           0   3689.5   2148.9   967018  0.03031  12597  1011   3045   8541  11586  11.5
  out  of founder cells 
143  27069651  2171768   6543389  18354494   842578546           0   3802.6   2192.6   986684  0.03009  12346   990   2984   8371  11355  11.5
  out  of founder cells 
144  27069651  2171768   6543389  18354494   842578546           0   3918.4   2236.9  1006609  0.02989  12101   971   2925   8205  11130  11.5
  out  of founder cells 
145  27069651  2171768   6543389  18354494   842578546           0   4036.9   2281.8  1026795  0.02968  11863   952   2868   8044  10912  11.5
  out  of founder cells 
146  27069651  2171768   6543389  18354494   842578546           0   4158.0   2327.2  1047242  0.02948  11632   933   2812   7887  10699  11.5
  out  of founder cells 
147  27069651  2171768   6543389  18354494   842578546           0   4282.0   2373.2  1067953  0.02928  11406   915   2757   7734  10491  11.5
  out  of founder cells 
148  27069651  2171768   6543389  18354494   842578546           0   4408.8   2419.8  1088928  0.02908  11187   897   2704   7585  10289  11.5
  out  of founder cells 
149  27069651  2171768   6543389  18354494   842578546           0   4538.4   2467.0  1110171  0.02888  10972   880   2652   7440  10092  11.5
  out  of founder cells 
150  27069651  2171768   6543389  18354494   842578546           0   4670.9   2514.8  1131681  0.02869  10764   864   2602   7298   9900  11.5
  out  of founder cells 
151  27069651  2171768   6543389  18354494   842578546           0   4806.4   2563.2  1153461  0.02850  10561   847   2553   7161   9713  11.5
  out  of founder cells 
152  27069651  2171768   6543389  18354494   842578546           0   4944.9   2612.3  1175513  0.02831  10363   831   2505   7026   9531  11.5
  out  of founder cells 
153  27069651  2171768   6543389  18354494   842578546           0   5086.4   2661.9  1197837  0.02813  10169   816   2458   6895   9354  11.5
  out  of founder cells 
154  27069651  2171768   6543389  18354494   842578546           0   5231.1   2712.1  1220436  0.02794   9981   801   2413   6768   9180  11.5
  out  of founder cells 
155  27069651  2171768   6543389  18354494   842578546           0   5378.8   2762.9  1243310  0.02776   9798   786   2368   6643   9011  11.5
  out  of founder cells 
156  27069651  2171768   6543389  18354494   842578546           0   5529.8   2814.4  1266462  0.02759   9618   772   2325   6522   8847  11.5
  out  of founder cells 
157  27069651  2171768   6543389  18354494   842578546           0   5683.9   2866.4  1289893  0.02741   9444   758   2283   6403   8686  11.5
  out  of founder cells 
158  27069651  2171768   6543389  18354494   842578546           0   5841.4   2919.1  1313605  0.02724   9273   744   2242   6288   8529  11.5
  out  of founder cells 
159  27069651  2171768   6543389  18354494   842578546           0   6002.1   2972.4  1337599  0.02707   9107   731   2201   6175   8376  11.5
  out  of founder cells 
160  27069651  2171768   6543389  18354494   842578546           0   6166.3   3026.4  1361876  0.02690   8945   718   2162   6065   8227  11.5
  out  of founder cells 
161  27069651  2171768   6543389  18354494   842578546           0   6333.9   3081.0  1386439  0.02673   8786   705   2124   5957   8081  11.5
  out  of founder cells 
162  27069651  2171768   6543389  18354494   842578546           0   6504.9   3136.2  1411288  0.02656   8631   692   2086   5852   7939  11.5
  out  of founder cells 
163  27069651  2171768   6543389  18354494   842578546           0   6679.5   3192.1  1436426  0.02640   8480   680   2050   5750   7800  11.5
  out  of founder cells 
164  27069651  2171768   6543389  18354494   842578546           0   6857.6   3248.6  1461854  0.02624   8333   669   2014   5650   7664  11.5
  out  of founder cells 
165  27069651  2171768   6543389  18354494   842578546           0   7039.4   3305.7  1487573  0.02608   8189   657   1979   5552   7532  11.5
  out  of founder cells 
166  27069651  2171768   6543389  18354494   842578546           0   7224.8   3363.5  1513585  0.02592   8048   646   1945   5457   7402  11.5
  out  of founder cells 
167  27069651  2171768   6543389  18354494   842578546           0   7414.0   3422.0  1539892  0.02577   7911   635   1912   5364   7276  11.5
  out  of founder cells 
168  27069651  2171768   6543389  18354494   842578546           0   7607.0   3481.1  1566495  0.02562   7776   624   1880   5273   7152  11.5
  out  of founder cells 
169  27069651  2171768   6543389  18354494   842578546           0   7803.7   3540.9  1593395  0.02546   7645   613   1848   5184   7032  11.5
  out  of founder cells 
170  27069651  2171768   6543389  18354494   842578546           0   8004.4   3601.3  1620595  0.02531   7517   603   1817   5097   6914  11.5
  out  of founder cells 
171  27069651  2171768   6543389  18354494   842578546           0   8209.0   3662.4  1648095  0.02517   7391   593   1787   5012   6798  11.5
  out  of founder cells 
172  27069651  2171768   6543389  18354494   842578546           0   8417.6   3724.2  1675897  0.02502   7269   583   1757   4928   6685  11.5
  out  of founder cells 
173  27069651  2171768   6543389  18354494   842578546           0   8630.2   3786.7  1704003  0.02488   7149   574   1728   4847   6575  11.5
  out  of founder cells 
174  27069651  2171768   6543389  18354494   842578546           0   8847.0   3849.8  1732415  0.02473   7031   564   1700   4768   6467  11.5
  out  of founder cells 
175  27069651  2171768   6543389  18354494   842578546           0   9067.9   3913.6  1761133  0.02459   6917   555   1672   4690   6362  11.5
  out  of founder cells 
176  27069651  2171768   6543389  18354494   842578546           0   9293.0   3978.1  1790160  0.02445   6805   546   1645   4614   6259  11.5
  out  of founder cells 
177  27069651  2171768   6543389  18354494   842578546           0   9522.4   4043.3  1819496  0.02431   6695   537   1618   4539   6158  11.5
  out  of founder cells 
178  27069651  2171768   6543389  18354494   842578546           0   9756.0   4109.2  1849144  0.02418   6588   529   1592   4467   6059  11.5
  out  of founder cells 
179  27069651  2171768   6543389  18354494   842578546           0   9994.1   4175.8  1879105  0.02404   6483   520   1567   4395   5962  11.5
  out  of founder cells 
180  27069651  2171768   6543389  18354494   842578546           0  10236.6   4243.1  1909380  0.02391   6380   512   1542   4326   5868  11.5
  out  of founder cells 
181  27069651  2171768   6543389  18354494   842578546           0  10483.6   4311.0  1939972  0.02378   6279   504   1518   4258   5775  11.5
  out  of founder cells 
182  27069651  2171768   6543389  18354494   842578546           0  10735.1   4379.7  1970880  0.02365   6181   496   1494   4191   5685  11.5
  out  of founder cells 
183  27069651  2171768   6543389  18354494   842578546           0  10991.3   4449.1  2002108  0.02352   6084   488   1471   4125   5596  11.5
  out  of founder cells 
184  27069651  2171768   6543389  18354494   842578546           0  11252.1   4519.2  2033657  0.02339   5990   481   1448   4061   5509  11.5
  out  of founder cells 
185  27069651  2171768   6543389  18354494   842578546           0  11517.6   4590.1  2065527  0.02326   5897   473   1426   3999   5424  11.5
  out  of founder cells 
186  27069651  2171768   6543389  18354494   842578546           0  11788.0   4661.6  2097721  0.02314   5807   466   1404   3937   5341  11.5
  out  of founder cells 
187  27069651  2171768   6543389  18354494   842578546           0  12063.1   4733.9  2130240  0.02301   5718   459   1382   3877   5260  11.5
  out  of founder cells 
188  27069651  2171768   6543389  18354494   842578546           0  12343.2   4806.9  2163086  0.02289   5631   452   1361   3818   5180  11.5
  out  of founder cells 
189  27069651  2171768   6543389  18354494   842578546           0  12628.3   4880.6  2196260  0.02277   5546   445   1341   3761   5101  11.5
  out  of founder cells 
190  27069651  2171768   6543389  18354494   842578546           0  12918.3   4955.0  2229764  0.02265   5463   438   1321   3704   5025  11.5
  out  of founder cells 
191  27069651  2171768   6543389  18354494   842578546           0  13213.5   5030.2  2263599  0.02253   5381   432   1301   3649   4950  11.5
  out  of founder cells 
192  27069651  2171768   6543389  18354494   842578546           0  13513.8   5106.1  2297766  0.02241   5301   425   1281   3595   4876  11.5
  out  of founder cells 
193  27069651  2171768   6543389  18354494   842578546           0  13819.3   5182.8  2332268  0.02230   5223   419   1263   3541   4804  11.5
  out  of founder cells 
194  27069651  2171768   6543389  18354494   842578546           0  14130.1   5260.2  2367106  0.02218   5146   413   1244   3489   4733  11.5
  out  of founder cells 
195  27069651  2171768   6543389  18354494   842578546           0  14446.2   5338.4  2402281  0.02207   5071   407   1226   3438   4664  11.5
  out  of founder cells 
196  27069651  2171768   6543389  18354494   842578546           0  14767.7   5417.3  2437794  0.02196   4997   401   1208   3388   4596  11.5
  out  of founder cells 
197  27069651  2171768   6543389  18354494   842578546           0  15094.7   5497.0  2473648  0.02184   4924   395   1190   3339   4529  11.5
  out  of founder cells 
198  27069651  2171768   6543389  18354494   842578546           0  15427.2   5577.4  2509843  0.02173   4853   389   1173   3291   4464  11.5
  out  of founder cells 
199  27069651  2171768   6543389  18354494   842578546           0  15765.3   5658.6  2546382  0.02163   4784   384   1156   3244   4400  11.5
  out  of founder cells 
200  27069651  2171768   6543389  18354494   842578546           0  16109.1   5740.6  2583266  0.02152   4715   378   1140   3197   4337  11.5
  out  of founder cells 
201  27069651  2171768   6543389  18354494   842578546           0  16458.6   5823.3  2620496  0.02141   4648   373   1124   3152   4276  11.5
  out  of founder cells 
202  27069651  2171768   6543389  18354494   842578546           0  16813.9   5906.8  2658073  0.02130   4583   368   1108   3107   4215  11.5
  out  of founder cells 
203  27069651  2171768   6543389  18354494   842578546           0  17175.0   5991.1  2696000  0.02120   4518   362   1092   3064   4156  11.5
  out  of founder cells 
204  27069651  2171768   6543389  18354494   842578546           0  17542.1   6076.2  2734278  0.02110   4455   357   1077   3021   4098  11.5
  out  of founder cells 
205  27069651  2171768   6543389  18354494   842578546           0  17915.2   6162.0  2772908  0.02099   4393   352   1062   2979   4041  11.5
  out  of founder cells 
206  27069651  2171768   6543389  18354494   842578546           0  18294.3   6248.6  2811892  0.02089   4332   348   1047   2937   3985  11.5
  out  of founder cells 
207  27069651  2171768   6543389  18354494   842578546           0  18679.5   6336.1  2851231  0.02079   4272   343   1033   2897   3930  11.5
  out  of founder cells 
208  27069651  2171768   6543389  18354494   842578546           0  19071.0   6424.3  2890927  0.02069   4214   338   1019   2857   3876  11.5
  out  of founder cells 
209  27069651  2171768   6543389  18354494   842578546           0  19468.7   6513.3  2930982  0.02059   4156   333   1005   2818   3823  11.5
  out  of founder cells 
210  27069651  2171768   6543389  18354494   842578546           0  19872.8   6603.1  2971396  0.02049   4100   329    991   2780   3771  11.5
  out  of founder cells 
211  27069651  2171768   6543389  18354494   842578546           0  20283.2   6693.7  3012171  0.02040   4044   324    978   2742   3720  11.5
  out  of founder cells 
212  27069651  2171768   6543389  18354494   842578546           0  20700.2   6785.1  3053309  0.02030   3990   320    964   2705   3669  11.5
  out  of founder cells 
213  27069651  2171768   6543389  18354494   842578546           0  21123.6   6877.4  3094812  0.02020   3936   316    951   2669   3620  11.5
  out  of founder cells 
214  27069651  2171768   6543389  18354494   842578546           0  21553.7   6970.4  3136680  0.02011   3884   312    939   2633   3572  11.5
  out  of founder cells 
215  27069651  2171768   6543389  18354494   842578546           0  21990.5   7064.3  3178915  0.02002   3832   307    926   2598   3524  11.5
  out  of founder cells 
216  27069651  2171768   6543389  18354494   842578546           0  22434.1   7158.9  3221519  0.01992   3781   303    914   2564   3478  11.5
  out  of founder cells 
217  27069651  2171768   6543389  18354494   842578546           0  22884.5   7254.4  3264494  0.01983   3731   299    902   2530   3432  11.5
  out  of founder cells 
218  27069651  2171768   6543389  18354494   842578546           0  23341.8   7350.8  3307840  0.01974   3683   295    890   2497   3387  11.5
  out  of founder cells 
219  27069651  2171768   6543389  18354494   842578546           0  23806.1   7447.9  3351559  0.01965   3635   292    879   2464   3343  11.5
  out  of founder cells 
220  27069651  2171768   6543389  18354494   842578546           0  24277.4   7545.9  3395653  0.01956   3587   288    867   2432   3300  11.5
  out  of founder cells 
221  27069651  2171768   6543389  18354494   842578546           0  24755.9   7644.7  3440123  0.01947   3541   284    856   2401   3257  11.5
  out  of founder cells 
222  27069651  2171768   6543389  18354494   842578546           0  25241.6   7744.4  3484971  0.01938   3495   280    845   2370   3215  11.5
  out  of founder cells 
223  27069651  2171768   6543389  18354494   842578546           0  25734.5   7844.9  3530198  0.01930   3451   277    834   2340   3174  11.5
  out  of founder cells 
224  27069651  2171768   6543389  18354494   842578546           0  26234.8   7946.2  3575806  0.01921   3407   273    823   2310   3133  11.5
  out  of founder cells 
225  27069651  2171768   6543389  18354494   842578546           0  26742.6   8048.4  3621796  0.01913   3363   270    813   2281   3094  11.5
  out  of founder cells 
226  27069651  2171768   6543389  18354494   842578546           0  27257.8   8151.5  3668169  0.01904   3321   266    803   2252   3054  11.5
  out  of founder cells 
227  27069651  2171768   6543389  18354494   842578546           0  27780.7   8255.4  3714928  0.01896   3279   263    793   2223   3016  11.5
  out  of founder cells 
228  27069651  2171768   6543389  18354494   842578546           0  28311.2   8360.2  3762073  0.01887   3238   260    783   2195   2978  11.5
  out  of founder cells 
229  27069651  2171768   6543389  18354494   842578546           0  28849.5   8465.8  3809606  0.01879   3198   257    773   2168   2941  11.5
  out  of founder cells 
230  27069651  2171768   6543389  18354494   842578546           0  29395.5   8572.3  3857529  0.01871   3158   253    763   2141   2904  11.5
  out  of founder cells 
231  27069651  2171768   6543389  18354494   842578546           0  29949.5   8679.6  3905842  0.01863   3119   250    754   2115   2869  11.5
  out  of founder cells 
232  27069651  2171768   6543389  18354494   842578546           0  30511.4   8787.9  3954548  0.01855   3080   247    745   2089   2833  11.5
  out  of founder cells 
233  27069651  2171768   6543389  18354494   842578546           0  31081.5   8897.0  4003648  0.01847   3043   244    735   2063   2798  11.5
  out  of founder cells 
234  27069651  2171768   6543389  18354494   842578546           0  31659.6   9007.0  4053144  0.01839   3005   241    726   2038   2764  11.5
  out  of founder cells 
235  27069651  2171768   6543389  18354494   842578546           0  32246.0   9117.9  4103036  0.01831   2969   238    718   2013   2731  11.5
  out  of founder cells 
236  27069651  2171768   6543389  18354494   842578546           0  32840.6   9229.6  4153327  0.01823   2933   235    709   1989   2698  11.5
  out  of founder cells 
237  27069651  2171768   6543389  18354494   842578546           0  33443.7   9342.3  4204018  0.01816   2898   232    700   1965   2665  11.5
  out  of founder cells 
238  27069651  2171768   6543389  18354494   842578546           0  34055.2   9455.8  4255110  0.01808   2863   230    692   1941   2633  11.5
  out  of founder cells 
239  27069651  2171768   6543389  18354494   842578546           0  34675.3   9570.2  4306605  0.01801   2829   227    684   1918   2602  11.5
  out  of founder cells 
240  27069651  2171768   6543389  18354494   842578546           0  35304.0   9685.6  4358504  0.01793   2795   224    676   1895   2571  11.5
  out  of founder cells 
241  27069651  2171768   6543389  18354494   842578546           0  35941.4   9801.8  4410808  0.01786   2762   222    668   1873   2540  11.5
  out  of founder cells 
242  27069651  2171768   6543389  18354494   842578546           0  36587.6   9918.9  4463520  0.01778   2729   219    660   1850   2510  11.5
  out  of founder cells 
243  27069651  2171768   6543389  18354494   842578546           0  37242.7  10037.0  4516641  0.01771   2697   216    652   1829   2481  11.5
  out  of founder cells 
244  27069651  2171768   6543389  18354494   842578546           0  37906.7  10155.9  4570172  0.01764   2665   214    644   1807   2452  11.5
  out  of founder cells 
245  27069651  2171768   6543389  18354494   842578546           0  38579.8  10275.8  4624114  0.01757   2634   211    637   1786   2423  11.5
  out  of founder cells 
246  27069651  2171768   6543389  18354494   842578546           0  39262.1  10396.6  4678470  0.01749   2604   209    629   1765   2395  11.5
  out  of founder cells 
247  27069651  2171768   6543389  18354494   842578546           0  39953.5  10518.3  4733240  0.01742   2574   206    622   1745   2367  11.5
  out  of founder cells 
248  27069651  2171768   6543389  18354494   842578546           0  40654.3  10640.9  4788426  0.01735   2544   204    615   1725   2340  11.5
  out  of founder cells 
249  27069651  2171768   6543389  18354494   842578546           0  41364.5  10764.5  4844029  0.01728   2515   202    608   1705   2313  11.5
  out  of founder cells 
250  27069651  2171768   6543389  18354494   842578546           0  42084.1  10889.0  4900051  0.01721   2486   199    601   1686   2287  11.5
  out  of founder cells 
251  27069651  2171768   6543389  18354494   842578546           0  42813.4  11014.4  4956494  0.01715   2458   197    594   1666   2260  11.5
  out  of founder cells 
252  27069651  2171768   6543389  18354494   842578546           0  43552.3  11140.8  5013359  0.01708   2430   195    587   1648   2235  11.5
  out  of founder cells 
253  27069651  2171768   6543389  18354494   842578546           0  44300.9  11268.1  5070647  0.01701   2402   193    581   1629   2210  11.5
  out  of founder cells 
254  27069651  2171768   6543389  18354494   842578546           0  45059.4  11396.4  5128359  0.01694   2375   191    574   1611   2185  11.5
  out  of founder cells 
255  27069651  2171768   6543389  18354494   842578546           0  45827.8  11525.6  5186498  0.01688   2349   188    568   1593   2160  11.5
  out  of founder cells 
256  27069651  2171768   6543389  18354494   842578546           0  46606.2  11655.7  5245065  0.01681   2322   186    561   1575   2136  11.5
  out  of founder cells 
257  27069651  2171768   6543389  18354494   842578546           0  47394.7  11786.8  5304061  0.01674   2297   184    555   1557   2112  11.5
  out  of founder cells 
258  27069651  2171768   6543389  18354494   842578546           0  48193.5  11918.9  5363487  0.01668   2271   182    549   1540   2089  11.5
  out  of founder cells 
259  27069651  2171768   6543389  18354494   842578546           0  49002.5  12051.9  5423345  0.01662   2246   180    543   1523   2066  11.5
  out  of founder cells 
260  27069651  2171768   6543389  18354494   842578546           0  49821.9  12185.9  5483637  0.01655   2221   178    537   1506   2043  11.5
  out  of founder cells 
261  27069651  2171768   6543389  18354494   842578546           0  50651.8  12320.8  5544364  0.01649   2197   176    531   1490   2021  11.5
  out  of founder cells 
262  27069651  2171768   6543389  18354494   842578546           0  51492.3  12456.7  5605527  0.01643   2173   174    525   1473   1999  11.5
  out  of founder cells 
263  27069651  2171768   6543389  18354494   842578546           0  52343.4  12593.6  5667128  0.01636   2149   172    520   1457   1977  11.5
  out  of founder cells 
264  27069651  2171768   6543389  18354494   842578546           0  53205.3  12731.5  5729169  0.01630   2126   171    514   1442   1956  11.5
  out  of founder cells 
265  27069651  2171768   6543389  18354494   842578546           0  54078.0  12870.3  5791650  0.01624   2103   169    508   1426   1935  11.5
  out  of founder cells 
266  27069651  2171768   6543389  18354494   842578546           0  54961.7  13010.2  5854573  0.01618   2081   167    503   1411   1914  11.5
  out  of founder cells 
267  27069651  2171768   6543389  18354494   842578546           0  55856.5  13151.0  5917941  0.01612   2058   165    498   1396   1893  11.5
  out  of founder cells 
268  27069651  2171768   6543389  18354494   842578546           0  56762.3  13292.8  5981753  0.01606   2036   163    492   1381   1873  11.5
  out  of founder cells 
269  27069651  2171768   6543389  18354494   842578546           0  57679.4  13435.6  6046011  0.01600   2015   162    487   1366   1853  11.5
  out  of founder cells 
270  27069651  2171768   6543389  18354494   842578546           0  58607.9  13579.4  6110718  0.01594   1993   160    482   1352   1834  11.5
  out  of founder cells 
271  27069651  2171768   6543389  18354494   842578546           0  59547.7  13724.2  6175875  0.01588   1972   158    477   1337   1814  11.5
  out  of founder cells 
272  27069651  2171768   6543389  18354494   842578546           0  60499.1  13870.0  6241482  0.01582   1952   157    472   1323   1795  11.5
  out  of founder cells 
273  27069651  2171768   6543389  18354494   842578546           0  61462.1  14016.8  6307541  0.01576   1931   155    467   1309   1776  11.5
  out  of founder cells 
274  27069651  2171768   6543389  18354494   842578546           0  62436.9  14164.6  6374054  0.01571   1911   153    462   1296   1758  11.5
  out  of founder cells 
275  27069651  2171768   6543389  18354494   842578546           0  63423.4  14313.4  6441023  0.01565   1891   152    457   1282   1739  11.5
  out  of founder cells 
276  27069651  2171768   6543389  18354494   842578546           0  64421.9  14463.2  6508448  0.01559   1872   150    452   1269   1721  11.5
  out  of founder cells 
277  27069651  2171768   6543389  18354494   842578546           0  65432.4  14614.1  6576332  0.01554   1852   149    448   1256   1704  11.5
  out  of founder cells 
278  27069651  2171768   6543389  18354494   842578546           0  66455.1  14765.9  6644674  0.01548   1833   147    443   1243   1686  11.5
  out  of founder cells 
279  27069651  2171768   6543389  18354494   842578546           0  67489.9  14918.8  6713478  0.01542   1814   146    439   1230   1669  11.5
  out  of founder cells 
280  27069651  2171768   6543389  18354494   842578546           0  68537.1  15072.8  6782745  0.01537   1796   144    434   1218   1652  11.5
  out  of founder cells 
281  27069651  2171768   6543389  18354494   842578546           0  69596.7  15227.7  6852475  0.01531   1778   143    430   1205   1635  11.5
  out  of founder cells 
282  27069651  2171768   6543389  18354494   842578546           0  70668.8  15383.7  6922671  0.01526   1760   141    425   1193   1618  11.5
  out  of founder cells 
283  27069651  2171768   6543389  18354494   842578546           0  71753.6  15540.7  6993333  0.01521   1742   140    421   1181   1602  11.5
  out  of founder cells 
284  27069651  2171768   6543389  18354494   842578546           0  72851.1  15698.8  7064464  0.01515   1724   138    417   1169   1586  11.5
  out  of founder cells 
285  27069651  2171768   6543389  18354494   842578546           0  73961.5  15857.9  7136064  0.01510   1707   137    413   1157   1570  11.5
  out  of founder cells 
286  27069651  2171768   6543389  18354494   842578546           0  75084.8  16018.1  7208135  0.01505   1690   136    409   1146   1554  11.5
  out  of founder cells 
287  27069651  2171768   6543389  18354494   842578546           0  76221.1  16179.3  7280679  0.01499   1673   134    404   1134   1539  11.5
  out  of founder cells 
288  27069651  2171768   6543389  18354494   842578546           0  77370.6  16341.5  7353697  0.01494   1656   133    400   1123   1524  11.5
  out  of founder cells 
289  27069651  2171768   6543389  18354494   842578546           0  78533.4  16504.9  7427190  0.01489   1640   132    396   1112   1509  11.5
  out  of founder cells 
290  27069651  2171768   6543389  18354494   842578546           0  79709.5  16669.2  7501160  0.01484   1624   130    393   1101   1494  11.5
  out  of founder cells 
291  27069651  2171768   6543389  18354494   842578546           0  80899.1  16834.7  7575608  0.01479   1608   129    389   1090   1479  11.5
  out  of founder cells 
292  27069651  2171768   6543389  18354494   842578546           0  82102.3  17001.2  7650536  0.01474   1592   128    385   1080   1464  11.5
  out  of founder cells 
293  27069651  2171768   6543389  18354494   842578546           0  83319.2  17168.8  7725945  0.01469   1577   126    381   1069   1450  11.5
  out  of founder cells 
294  27069651  2171768   6543389  18354494   842578546           0  84549.8  17337.4  7801837  0.01464   1561   125    377   1059   1436  11.5
  out  of founder cells 
295  27069651  2171768   6543389  18354494   842578546           0  85794.4  17507.1  7878212  0.01459   1546   124    374   1048   1422  11.5
  out  of founder cells 
296  27069651  2171768   6543389  18354494   842578546           0  87053.0  17677.9  7955073  0.01454   1531   123    370   1038   1408  11.5
  out  of founder cells 
297  27069651  2171768   6543389  18354494   842578546           0  88325.7  17849.8  8032421  0.01449   1517   122    367   1028   1395  11.5
  out  of founder cells 
298  27069651  2171768   6543389  18354494   842578546           0  89612.7  18022.8  8110257  0.01444   1502   121    363   1018   1381  11.5
  out  of founder cells 
299  27069651  2171768   6543389  18354494   842578546           0  90914.0  18196.9  8188583  0.01439   1488   119    360   1009   1368  11.5
  out  of founder cells 
300  27069651  2171768   6543389  18354494   842578546           0  92229.7  18372.0  8267400  0.01434   1473   118    356    999   1355  11.5
  adult S+P density per cm sq =     2572
 adult P density per cm sq =       206
 adult So density per cm sq =      622
 adult Sd density per cm sq =     1744
 adult S density per cm sq =     2365
 adult S/P ratio =     11.5
 p interval = 14
 so interval = 18
